   0.0000000e+00   1.6410000e+03   1.2480000e+03   3.0220000e+03   1.2920000e+03   2.1550000e+03   2.1210000e+03   2.0610000e+03   2.2070000e+03   8.1500000e+02   1.4610000e+03   4.8600000e+02   1.9670000e+03   2.0100000e+02   2.6730000e+03   6.0400000e+02   1.2350000e+03   2.5800000e+03   2.9460000e+03   3.9800000e+02   3.3590000e+03   1.4820000e+03   2.7700000e+02   1.2260000e+03   1.7310000e+03   9.0300000e+02   1.1020000e+03
   1.6410000e+03   0.0000000e+00   2.1110000e+03   1.4320000e+03   1.5920000e+03   2.2120000e+03   1.7780000e+03   2.6650000e+03   2.9040000e+03   1.1330000e+03   1.6930000e+03   1.6360000e+03   3.2900000e+02   1.6800000e+03   1.2920000e+03   1.5500000e+03   9.7300000e+02   3.1880000e+03   1.8860000e+03   1.6760000e+03   2.3330000e+03   2.4500000e+03   1.6870000e+03   4.8100000e+02   2.4630000e+03   7.5000000e+02   2.2750000e+03
   1.2480000e+03   2.1110000e+03   0.0000000e+00   3.1170000e+03   6.2400000e+02   1.1180000e+03   1.3720000e+03   8.2000000e+02   9.7300000e+02   1.8930000e+03   6.6600000e+02   1.7260000e+03   2.3490000e+03   1.4390000e+03   2.5560000e+03   1.8310000e+03   1.1780000e+03   1.3410000e+03   2.4770000e+03   1.6390000e+03   2.7860000e+03   3.3900000e+02   9.6400000e+02   1.9320000e+03   4.8900000e+02   1.6520000e+03   3.7800000e+02
   3.0220000e+03   1.4320000e+03   3.1170000e+03   0.0000000e+00   2.4960000e+03   2.6670000e+03   2.1070000e+03   3.3700000e+03   3.6200000e+03   2.5620000e+03   2.5030000e+03   3.0670000e+03   1.1100000e+03   3.0890000e+03   6.6100000e+02   2.9830000e+03   1.9880000e+03   3.7850000e+03   1.3350000e+03   3.1030000e+03   1.6260000e+03   3.4280000e+03   3.0090000e+03   1.9130000e+03   3.3000000e+03   2.1690000e+03   3.3940000e+03
   1.2920000e+03   1.5920000e+03   6.2400000e+02   2.4960000e+03   0.0000000e+00   8.7800000e+02   8.7300000e+02   1.0810000e+03   1.3140000e+03   1.6870000e+03   1.7300000e+02   1.7160000e+03   1.7910000e+03   1.4850000e+03   1.9320000e+03   1.7750000e+03   6.2000000e+02   1.6190000e+03   1.9000000e+03   1.6570000e+03   2.2460000e+03   9.3300000e+02   1.0600000e+03   1.5240000e+03   8.7300000e+02   1.3130000e+03   9.4700000e+02
   2.1550000e+03   2.2120000e+03   1.1180000e+03   2.6670000e+03   8.7800000e+02   0.0000000e+00   5.5900000e+02   7.8000000e+02   1.0070000e+03   2.5470000e+03   7.0500000e+02   2.5930000e+03   2.3090000e+03   2.3520000e+03   2.0130000e+03   2.6540000e+03   1.3200000e+03   1.1190000e+03   1.6340000e+03   2.5300000e+03   1.8270000e+03   1.2120000e+03   1.9050000e+03   2.2840000e+03   8.9400000e+02   2.1320000e+03   1.4900000e+03
   2.1210000e+03   1.7780000e+03   1.3720000e+03   2.1070000e+03   8.7300000e+02   5.5900000e+02   0.0000000e+00   1.3020000e+03   1.5430000e+03   2.3290000e+03   7.4000000e+02   2.4950000e+03   1.8220000e+03   2.3020000e+03   1.4530000e+03   2.5240000e+03   1.0290000e+03   1.6790000e+03   1.1370000e+03   2.4520000e+03   1.4140000e+03   1.5750000e+03   1.9150000e+03   1.9420000e+03   1.3260000e+03   1.8620000e+03   1.7450000e+03
   2.0610000e+03   2.6650000e+03   8.2000000e+02   3.3700000e+03   1.0810000e+03   7.8000000e+02   1.3020000e+03   0.0000000e+00   2.5100000e+02   2.6700000e+03   9.7200000e+02   2.5450000e+03   2.8360000e+03   2.2590000e+03   2.7340000e+03   2.6450000e+03   1.6930000e+03   5.4600000e+02   2.4120000e+03   2.4590000e+03   2.6010000e+03   6.7500000e+02   1.7840000e+03   2.5990000e+03   3.3800000e+02   2.3620000e+03   1.0760000e+03
   2.2070000e+03   2.9040000e+03   9.7300000e+02   3.6200000e+03   1.3140000e+03   1.0070000e+03   1.5430000e+03   2.5100000e+02   0.0000000e+00   2.8570000e+03   1.2150000e+03   2.6930000e+03   3.0820000e+03   2.4020000e+03   2.9810000e+03   2.8020000e+03   1.9310000e+03   3.7600000e+02   2.6410000e+03   2.6030000e+03   2.8090000e+03   7.4800000e+02   1.9300000e+03   2.8210000e+03   4.8900000e+02   2.5730000e+03   1.1600000e+03
   8.1500000e+02   1.1330000e+03   1.8930000e+03   2.5620000e+03   1.6870000e+03   2.5470000e+03   2.3290000e+03   2.6700000e+03   2.8570000e+03   0.0000000e+00   1.8540000e+03   5.5500000e+02   1.4510000e+03   7.3000000e+02   2.3830000e+03   4.3500000e+02   1.3000000e+03   3.2130000e+03   2.8550000e+03   6.2900000e+02   3.3000000e+03   2.1900000e+03   1.0280000e+03   6.5200000e+02   2.3680000e+03   4.9500000e+02   1.8550000e+03
   1.4610000e+03   1.6930000e+03   6.6600000e+02   2.5030000e+03   1.7300000e+02   7.0500000e+02   7.4000000e+02   9.7200000e+02   1.2150000e+03   1.8540000e+03   0.0000000e+00   1.8890000e+03   1.8680000e+03   1.6560000e+03   1.9120000e+03   1.9480000e+03   7.2400000e+02   1.4970000e+03   1.8130000e+03   1.8290000e+03   2.1380000e+03   9.3600000e+02   1.2250000e+03   1.6620000e+03   8.1000000e+02   1.4670000e+03   1.0220000e+03
   4.8600000e+02   1.6360000e+03   1.7260000e+03   3.0670000e+03   1.7160000e+03   2.5930000e+03   2.4950000e+03   2.5450000e+03   2.6930000e+03   5.5500000e+02   1.8890000e+03   0.0000000e+00   1.9640000e+03   2.9900000e+02   2.8190000e+03   1.5100000e+02   1.5210000e+03   3.0660000e+03   3.2000000e+03   1.0400000e+02   3.6320000e+03   1.9680000e+03   7.6300000e+02   1.1620000e+03   2.2160000e+03   9.0500000e+02   1.5810000e+03
   1.9670000e+03   3.2900000e+02   2.3490000e+03   1.1100000e+03   1.7910000e+03   2.3090000e+03   1.8220000e+03   2.8360000e+03   3.0820000e+03   1.4510000e+03   1.8680000e+03   1.9640000e+03   0.0000000e+00   2.0090000e+03   1.0540000e+03   1.8740000e+03   1.1770000e+03   3.3410000e+03   1.7240000e+03   2.0050000e+03   2.1590000e+03   2.6870000e+03   2.0000000e+03   8.0300000e+02   2.6640000e+03   1.0790000e+03   2.5450000e+03
   2.0100000e+02   1.6800000e+03   1.4390000e+03   3.0890000e+03   1.4850000e+03   2.3520000e+03   2.3020000e+03   2.2590000e+03   2.4020000e+03   7.3000000e+02   1.6560000e+03   2.9900000e+02   2.0090000e+03   0.0000000e+00   2.7780000e+03   4.3400000e+02   1.3830000e+03   2.7750000e+03   3.0900000e+03   2.0200000e+02   3.5100000e+03   1.6710000e+03   4.7500000e+02   1.2340000e+03   1.9280000e+03   9.2900000e+02   1.2820000e+03
   2.6730000e+03   1.2920000e+03   2.5560000e+03   6.6100000e+02   1.9320000e+03   2.0130000e+03   1.4530000e+03   2.7340000e+03   2.9810000e+03   2.3830000e+03   1.9120000e+03   2.8190000e+03   1.0540000e+03   2.7780000e+03   0.0000000e+00   2.7650000e+03   1.5090000e+03   3.1320000e+03   7.6100000e+02   2.8330000e+03   1.1490000e+03   2.8490000e+03   2.6050000e+03   1.7460000e+03   2.6890000e+03   1.9210000e+03   2.8650000e+03
   6.0400000e+02   1.5500000e+03   1.8310000e+03   2.9830000e+03   1.7750000e+03   2.6540000e+03   2.5240000e+03   2.6450000e+03   2.8020000e+03   4.3500000e+02   1.9480000e+03   1.5100000e+02   1.8740000e+03   4.3400000e+02   2.7650000e+03   0.0000000e+00   1.5270000e+03   3.1720000e+03   3.1790000e+03   2.5300000e+02   3.6160000e+03   2.0850000e+03   8.7500000e+02   1.0710000e+03   2.3200000e+03   8.4300000e+02   1.7060000e+03
   1.2350000e+03   9.7300000e+02   1.1780000e+03   1.9880000e+03   6.2000000e+02   1.3200000e+03   1.0290000e+03   1.6930000e+03   1.9310000e+03   1.3000000e+03   7.2400000e+02   1.5210000e+03   1.1770000e+03   1.3830000e+03   1.5090000e+03   1.5270000e+03   0.0000000e+00   2.2220000e+03   1.7110000e+03   1.4980000e+03   2.1270000e+03   1.5120000e+03   1.1140000e+03   9.6400000e+02   1.4930000e+03   8.3500000e+02   1.4130000e+03
   2.5800000e+03   3.1880000e+03   1.3410000e+03   3.7850000e+03   1.6190000e+03   1.1190000e+03   1.6790000e+03   5.4600000e+02   3.7600000e+02   3.2130000e+03   1.4970000e+03   3.0660000e+03   3.3410000e+03   2.7750000e+03   3.1320000e+03   3.1720000e+03   2.2220000e+03   0.0000000e+00   2.7060000e+03   2.9770000e+03   2.8140000e+03   1.1230000e+03   2.3030000e+03   3.1420000e+03   8.5200000e+02   2.9090000e+03   1.5360000e+03
   2.9460000e+03   1.8860000e+03   2.4770000e+03   1.3350000e+03   1.9000000e+03   1.6340000e+03   1.1370000e+03   2.4120000e+03   2.6410000e+03   2.8550000e+03   1.8130000e+03   3.2000000e+03   1.7240000e+03   3.0900000e+03   7.6100000e+02   3.1790000e+03   1.7110000e+03   2.7060000e+03   0.0000000e+00   3.1900000e+03   4.4900000e+02   2.7070000e+03   2.8080000e+03   2.2740000e+03   2.4630000e+03   2.3620000e+03   2.8350000e+03
   3.9800000e+02   1.6760000e+03   1.6390000e+03   3.1030000e+03   1.6570000e+03   2.5300000e+03   2.4520000e+03   2.4590000e+03   2.6030000e+03   6.2900000e+02   1.8290000e+03   1.0400000e+02   2.0050000e+03   2.0200000e+02   2.8330000e+03   2.5300000e+02   1.4980000e+03   2.9770000e+03   3.1900000e+03   0.0000000e+00   3.6180000e+03   1.8740000e+03   6.7500000e+02   1.2090000e+03   2.1280000e+03   9.3400000e+02   1.4830000e+03
   3.3590000e+03   2.3330000e+03   2.7860000e+03   1.6260000e+03   2.2460000e+03   1.8270000e+03   1.4140000e+03   2.6010000e+03   2.8090000e+03   3.3000000e+03   2.1380000e+03   3.6320000e+03   2.1590000e+03   3.5100000e+03   1.1490000e+03   3.6160000e+03   2.1270000e+03   2.8140000e+03   4.4900000e+02   3.6180000e+03   0.0000000e+00   2.9820000e+03   3.2060000e+03   2.7260000e+03   2.7040000e+03   2.8060000e+03   3.1560000e+03
   1.4820000e+03   2.4500000e+03   3.3900000e+02   3.4280000e+03   9.3300000e+02   1.2120000e+03   1.5750000e+03   6.7500000e+02   7.4800000e+02   2.1900000e+03   9.3600000e+02   1.9680000e+03   2.6870000e+03   1.6710000e+03   2.8490000e+03   2.0850000e+03   1.5120000e+03   1.1230000e+03   2.7070000e+03   1.8740000e+03   2.9820000e+03   0.0000000e+00   1.2090000e+03   2.2660000e+03   3.5700000e+02   1.9790000e+03   4.1200000e+02
   2.7700000e+02   1.6870000e+03   9.6400000e+02   3.0090000e+03   1.0600000e+03   1.9050000e+03   1.9150000e+03   1.7840000e+03   1.9300000e+03   1.0280000e+03   1.2250000e+03   7.6300000e+02   2.0000000e+03   4.7500000e+02   2.6050000e+03   8.7500000e+02   1.1140000e+03   2.3030000e+03   2.8080000e+03   6.7500000e+02   3.2060000e+03   1.2090000e+03   0.0000000e+00   1.3230000e+03   1.4530000e+03   9.9400000e+02   8.3900000e+02
   1.2260000e+03   4.8100000e+02   1.9320000e+03   1.9130000e+03   1.5240000e+03   2.2840000e+03   1.9420000e+03   2.5990000e+03   2.8210000e+03   6.5200000e+02   1.6620000e+03   1.1620000e+03   8.0300000e+02   1.2340000e+03   1.7460000e+03   1.0710000e+03   9.6400000e+02   3.1420000e+03   2.2740000e+03   1.2090000e+03   2.7260000e+03   2.2660000e+03   1.3230000e+03   0.0000000e+00   2.3480000e+03   3.2900000e+02   2.0230000e+03
   1.7310000e+03   2.4630000e+03   4.8900000e+02   3.3000000e+03   8.7300000e+02   8.9400000e+02   1.3260000e+03   3.3800000e+02   4.8900000e+02   2.3680000e+03   8.1000000e+02   2.2160000e+03   2.6640000e+03   1.9280000e+03   2.6890000e+03   2.3200000e+03   1.4930000e+03   8.5200000e+02   2.4630000e+03   2.1280000e+03   2.7040000e+03   3.5700000e+02   1.4530000e+03   2.3480000e+03   0.0000000e+00   2.0910000e+03   7.4100000e+02
   9.0300000e+02   7.5000000e+02   1.6520000e+03   2.1690000e+03   1.3130000e+03   2.1320000e+03   1.8620000e+03   2.3620000e+03   2.5730000e+03   4.9500000e+02   1.4670000e+03   9.0500000e+02   1.0790000e+03   9.2900000e+02   1.9210000e+03   8.4300000e+02   8.3500000e+02   2.9090000e+03   2.3620000e+03   9.3400000e+02   2.8060000e+03   1.9790000e+03   9.9400000e+02   3.2900000e+02   2.0910000e+03   0.0000000e+00   1.7130000e+03
   1.1020000e+03   2.2750000e+03   3.7800000e+02   3.3940000e+03   9.4700000e+02   1.4900000e+03   1.7450000e+03   1.0760000e+03   1.1600000e+03   1.8550000e+03   1.0220000e+03   1.5810000e+03   2.5450000e+03   1.2820000e+03   2.8650000e+03   1.7060000e+03   1.4130000e+03   1.5360000e+03   2.8350000e+03   1.4830000e+03   3.1560000e+03   4.1200000e+02   8.3900000e+02   2.0230000e+03   7.4100000e+02   1.7130000e+03   0.0000000e+00
